    1    2083.33    1600.78  499399.22
    2    2080.83    1603.28  498795.94
    3    2078.32    1605.79  498190.15
    4    2075.79    1608.32  497581.83
    5    2073.26    1610.85  496970.98
    6    2070.71    1613.40  496357.58
    7    2068.16    1615.95  495741.63
    8    2065.59    1618.52  495123.11
    9    2063.01    1621.10  494502.01
   10    2060.43    1623.68  493878.33
   11    2057.83    1626.28  493252.04
   12    2055.22    1628.89  492623.15
   13    2052.60    1631.51  491991.64
   14    2049.97    1634.14  491357.49
   15    2047.32    1636.79  490720.70
   16    2044.67    1639.44  490081.26
   17    2042.01    1642.10  489439.16
   18    2039.33    1644.78  488794.38
   19    2036.64    1647.47  488146.91
   20    2033.95    1650.16  487496.75
   21    2031.24    1652.87  486843.87
   22    2028.52    1655.59  486188.28
   23    2025.78    1658.33  485529.96
   24    2023.04    1661.07  484868.89
   25    2020.29    1663.82  484205.06
   26    2017.52    1666.59  483538.47
   27    2014.74    1669.37  482869.11
   28    2011.95    1672.16  482196.95
   29    2009.15    1674.96  481522.00
   30    2006.34    1677.77  480844.23
   31    2003.52    1680.59  480163.64
   32    2000.68    1683.43  479480.21
   33    1997.83    1686.28  478793.93
   34    1994.97    1689.14  478104.80
   35    1992.10    1692.01  477412.79
   36    1989.22    1694.89  476717.90
   37    1986.32    1697.79  476020.11
   38    1983.42    1700.69  475319.42
   39    1980.50    1703.61  474615.81
   40    1977.57    1706.54  473909.27
   41    1974.62    1709.49  473199.78
   42    1971.67    1712.44  472487.33
   43    1968.70    1715.41  471771.92
   44    1965.72    1718.39  471053.53
   45    1962.72    1721.39  470332.14
   46    1959.72    1724.39  469607.75
   47    1956.70    1727.41  468880.34
   48    1953.67    1730.44  468149.89
   49    1950.62    1733.49  467416.41
   50    1947.57    1736.54  466679.87
   51    1944.50    1739.61  465940.26
   52    1941.42    1742.69  465197.56
   53    1938.32    1745.79  464451.78
   54    1935.22    1748.89  463702.88
   55    1932.10    1752.01  462950.87
   56    1928.96    1755.15  462195.72
   57    1925.82    1758.29  461437.43
   58    1922.66    1761.45  460675.97
   59    1919.48    1764.63  459911.34
   60    1916.30    1767.81  459143.53
   61    1913.10     771.01  458372.52
   62    1909.89     774.22  457598.30
   63    1906.66     777.45  456820.85
   64    1903.42     780.69  456040.16
   65    1900.17     783.94  455256.21
   66    1896.90     787.21  454469.00
   67    1893.62     790.49  453678.51
   68    1890.33     793.78  452884.73
   69    1887.02     797.09  452087.64
   70    1883.70     800.41  451287.23
   71    1880.36     803.75  450483.48
   72    1877.01     807.10  449676.39
   73    1873.65     810.46  448865.93
   74    1870.27     813.84  448052.09
   75    1866.88     817.23  447234.87
   76    1863.48     820.63  446414.24
   77    1860.06     824.05  445590.19
   78    1856.63     827.48  444762.70
   79    1853.18     830.93  443931.77
   80    1849.72     834.39  443097.38
   81    1846.24     837.87  442259.50
   82    1842.75     841.36  441418.14
   83    1839.24     844.87  440573.27
   84    1835.72     848.39  439724.89
   85    1832.19     851.92  438872.96
   86    1828.64     855.47  438017.49
   87    1825.07     859.04  437158.45
   88    1821.49     862.62  436295.84
   89    1817.90     866.21  435429.63
   90    1814.29     869.82  434559.81
   91    1810.67     873.44  433686.36
   92    1807.03     877.08  432809.28
   93    1803.37     880.74  431928.54
   94    1799.70     884.41  431044.13
   95    1796.02     888.09  430156.04
   96    1792.32     891.79  429264.25
   97    1788.60     895.51  428368.74
   98    1784.87     899.24  427469.50
   99    1781.12     902.99  426566.51
  100    1777.36     906.75  425659.76
  101    1773.58     910.53  424749.23
  102    1769.79     914.32  423834.91
  103    1765.98     918.13  422916.78
  104    1762.15     921.96  421994.82
  105    1758.31     925.80  421069.03
  106    1754.45     929.66  420139.37
  107    1750.58     933.53  419205.84
  108    1746.69     937.42  418268.42
  109    1742.79     941.32  417327.10
  110    1738.86     945.25  416381.85
  111    1734.92     949.19  415432.66
  112    1730.97     953.14  414479.52
  113    1727.00     957.11  413522.41
  114    1723.01     961.10  412561.31
  115    1719.01     965.10  411596.21
  116    1714.98     969.13  410627.08
  117    1710.95     973.16  409653.92
  118    1706.89     977.22  408676.70
  119    1702.82     981.29  407695.41
  120    1698.73     985.38  406710.03
  121    1694.63     989.48  405720.54
  122    1690.50     993.61  404726.94
  123    1686.36     997.75  403729.19
  124    1682.20    1001.91  402727.28
  125    1678.03    1006.08  401721.20
  126    1673.84    1010.27  400710.93
  127    1669.63    1014.48  399696.45
  128    1665.40    1018.71  398677.74
  129    1661.16    1022.95  397654.79
  130    1656.89    1027.22  396627.58
  131    1652.61    1031.50  395596.08
  132    1648.32    1035.79  394560.29
  133    1644.00    1040.11  393520.18
  134    1639.67    1044.44  392475.74
  135    1635.32    1048.79  391426.94
  136    1630.95    1053.16  390373.78
  137    1626.56    1057.55  389316.23
  138    1622.15    1061.96  388254.27
  139    1617.73    1066.38  387187.88
  140    1613.28    1070.83  386117.06
  141    1608.82    1075.29  385041.77
  142    1604.34    1079.77  383962.00
  143    1599.84    1084.27  382877.73
  144    1595.32    1088.79  381788.94
  145    1590.79    1093.32  380695.62
  146    1586.23    1097.88  379597.74
  147    1581.66    1102.45  378495.29
  148    1577.06    1107.05  377388.24
  149    1572.45    1111.66  376276.58
  150    1567.82    1116.29  375160.29
  151    1563.17    1120.94  374039.35
  152    1558.50    1125.61  372913.74
  153    1553.81    1130.30  371783.43
  154    1549.10    1135.01  370648.42
  155    1544.37    1139.74  369508.68
  156    1539.62    1144.49  368364.19
  157    1534.85    1149.26  367214.93
  158    1530.06    1154.05  366060.88
  159    1525.25    1158.86  364902.03
  160    1520.43    1163.68  363738.34
  161    1515.58    1168.53  362569.81
  162    1510.71    1173.40  361396.41
  163    1505.82    1178.29  360218.11
  164    1500.91    1183.20  359034.91
  165    1495.98    1188.13  357846.78
  166    1491.03    1193.08  356653.70
  167    1486.06    1198.05  355455.65
  168    1481.07    1203.04  354252.60
  169    1476.05    1208.06  353044.55
  170    1471.02    1213.09  351831.45
  171    1465.96    1218.15  350613.31
  172    1460.89    1223.22  349390.09
  173    1455.79    1228.32  348161.77
  174    1450.67    1233.44  346928.33
  175    1445.53    1238.58  345689.76
  176    1440.37    1243.74  344446.02
  177    1435.19    1248.92  343197.10
  178    1429.99    1254.12  341942.98
  179    1424.76    1259.35  340683.63
  180    1419.52    1264.59  339419.04
  181    1414.25    1269.86  338149.18
  182    1408.95    1275.16  336874.02
  183    1403.64    1280.47  335593.55
  184    1398.31    1285.80  334307.75
  185    1392.95    1291.16  333016.59
  186    1387.57    1296.54  331720.05
  187    1382.17    1301.94  330418.10
  188    1376.74    1307.37  329110.74
  189    1371.29    1312.82  327797.92
  190    1365.82    1318.29  326479.63
  191    1360.33    1323.78  325155.86
  192    1354.82    1329.29  323826.56
  193    1349.28    1334.83  322491.73
  194    1343.72    1340.39  321151.34
  195    1338.13    1345.98  319805.36
  196    1332.52    1351.59  318453.77
  197    1326.89    1357.22  317096.55
  198    1321.24    1362.87  315733.67
  199    1315.56    1368.55  314365.12
  200    1309.85    1374.26  312990.87
  201    1304.13    1379.98  311610.89
  202    1298.38    1385.73  310225.15
  203    1292.60    1391.51  308833.65
  204    1286.81    1397.30  307436.35
  205    1280.98    1403.13  306033.22
  206    1275.14    1408.97  304624.25
  207    1269.27    1414.84  303209.41
  208    1263.37    1420.74  301788.67
  209    1257.45    1426.66  300362.01
  210    1251.51    1432.60  298929.41
  211    1245.54    1438.57  297490.84
  212    1239.55    1444.56  296046.27
  213    1233.53    1450.58  294595.69
  214    1227.48    1456.63  293139.06
  215    1221.41    1462.70  291676.37
  216    1215.32    1468.79  290207.57
  217    1209.20    1474.91  288732.66
  218    1203.05    1481.06  287251.60
  219    1196.88    1487.23  285764.38
  220    1190.68    1493.43  284270.95
  221    1184.46    1499.65  282771.30
  222    1178.21    1505.90  281265.41
  223    1171.94    1512.17  279753.24
  224    1165.64    1518.47  278234.76
  225    1159.31    1524.80  276709.97
  226    1152.96    1531.15  275178.81
  227    1146.58    1537.53  273641.28
  228    1140.17    1543.94  272097.34
  229    1133.74    1550.37  270546.97
  230    1127.28    1556.83  268990.14
  231    1120.79    1563.32  267426.83
  232    1114.28    1569.83  265856.99
  233    1107.74    1576.37  264280.62
  234    1101.17    1582.94  262697.68
  235    1094.57    1589.54  261108.14
  236    1087.95    1596.16  259511.98
  237    1081.30    1602.81  257909.17
  238    1074.62    1609.49  256299.69
  239    1067.92    1616.19  254683.49
  240    1061.18    1622.93  253060.56
  241    1054.42    1629.69  251430.87
  242    1047.63    1636.48  249794.39
  243    1040.81    1643.30  248151.09
  244    1033.96    1650.15  246500.94
  245    1027.09    1657.02  244843.92
  246    1020.18    1663.93  243179.99
  247    1013.25    1670.86  241509.13
  248    1006.29    1677.82  239831.31
  249     999.30    1684.81  238146.50
  250     992.28    1691.83  236454.67
  251     985.23    1698.88  234755.78
  252     978.15    1705.96  233049.82
  253     971.04    1713.07  231336.75
  254     963.90    1720.21  229616.55
  255     956.74    1727.37  227889.17
  256     949.54    1734.57  226154.60
  257     942.31    1741.80  224412.80
  258     935.05    1749.06  222663.74
  259     927.77    1756.34  220907.40
  260     920.45    1763.66  219143.74
  261     913.10    1771.01  217372.73
  262     905.72    1778.39  215594.34
  263     898.31    1785.80  213808.54
  264     890.87    1793.24  212015.30
  265     883.40    1800.71  210214.58
  266     875.89    1808.22  208406.37
  267     868.36    1815.75  206590.62
  268     860.79    1823.32  204767.30
  269     853.20    1830.91  202936.39
  270     845.57    1838.54  201097.85
  271     837.91    1846.20  199251.64
  272     830.22    1853.89  197397.75
  273     822.49    1861.62  195536.13
  274     814.73    1869.38  193666.75
  275     806.94    1877.17  191789.59
  276     799.12    1884.99  189904.60
  277     791.27    1892.84  188011.76
  278     783.38    1900.73  186111.03
  279     775.46    1908.65  184202.39
  280     767.51    1916.60  182285.79
  281     759.52    1924.59  180361.20
  282     751.50    1932.61  178428.59
  283     743.45    1940.66  176487.94
  284     735.37    1948.74  174539.19
  285     727.25    1956.86  172582.33
  286     719.09    1965.02  170617.31
  287     710.91    1973.20  168644.11
  288     702.68    1981.43  166662.68
  289     694.43    1989.68  164673.00
  290     686.14    1997.97  162675.03
  291     677.81    2006.30  160668.73
  292     669.45    2014.66  158654.07
  293     661.06    2023.05  156631.02
  294     652.63    2031.48  154599.54
  295     644.16    2039.95  152559.60
  296     635.66    2048.45  150511.15
  297     627.13    2056.98  148454.17
  298     618.56    2065.55  146388.62
  299     609.95    2074.16  144314.46
  300     601.31    2082.80  142231.66
  301     592.63    2091.48  140140.18
  302     583.92    2100.19  138039.99
  303     575.17    2108.94  135931.05
  304     566.38    2117.73  133813.32
  305     557.56    2126.55  131686.76
  306     548.69    2135.42  129551.35
  307     539.80    2144.31  127407.04
  308     530.86    2153.25  125253.79
  309     521.89    2162.22  123091.57
  310     512.88    2171.23  120920.34
  311     503.83    2180.28  118740.07
  312     494.75    2189.36  116550.71
  313     485.63    2198.48  114352.22
  314     476.47    2207.64  112144.58
  315     467.27    2216.84  109927.74
  316     458.03    2226.08  107701.66
  317     448.76    2235.35  105466.31
  318     439.44    2244.67  103221.64
  319     430.09    2254.02  100967.62
  320     420.70    2263.41   98704.21
  321     411.27    2272.84   96431.37
  322     401.80    2282.31   94149.06
  323     392.29    2291.82   91857.23
  324     382.74    2301.37   89555.86
  325     373.15    2310.96   87244.90
  326     363.52    2320.59   84924.31
  327     353.85    2330.26   82594.05
  328     344.14    2339.97   80254.08
  329     334.39    2349.72   77904.37
  330     324.60    2359.51   75544.86
  331     314.77    2369.34   73175.52
  332     304.90    2379.21   70796.31
  333     294.98    2389.13   68407.18
  334     285.03    2399.08   66008.10
  335     275.03    2409.08   63599.02
  336     265.00    2419.11   61179.91
  337     254.92    2429.19   58750.72
  338     244.79    2439.32   56311.40
  339     234.63    2449.48   53861.92
  340     224.42    2459.69   51402.24
  341     214.18    2469.93   48932.30
  342     203.88    2480.23   46452.08
  343     193.55    2490.56   43961.52
  344     183.17    2500.94   41460.58
  345     172.75    2511.36   38949.22
  346     162.29    2521.82   36427.40
  347     151.78    2532.33   33895.07
  348     141.23    2542.88   31352.19
  349     130.63    2553.48   28798.72
  350     119.99    2564.12   26234.60
  351     109.31    2574.80   23659.80
  352      98.58    2585.53   21074.27
  353      87.81    2596.30   18477.97
  354      76.99    2607.12   15870.86
  355      66.13    2617.98   13252.87
  356      55.22    2628.89   10623.98
  357      44.27    2639.84    7984.14
  358      33.27    2650.84    5333.30
  359      22.22    2661.89    2671.41
  360      11.13    2672.98      -1.57
